-0.18 -0.54 0.67 0.19 0.18 0.50 -2.97406 
-0.65 0.82 -0.12 -0.11 -0.07 -0.47 -3.10731 
0.81 -0.64 0.29 -0.57 -0.08 0.23 -0.90609 
0.04 0.96 0.91 0.00 -0.66 0.76 3.35410 
0.61 -0.55 -0.32 -0.05 0.40 0.90 -0.91815 
1.00 0.11 0.12 0.47 0.14 0.50 4.32597 
0.53 -0.67 -0.34 0.32 -0.76 0.67 3.76920 
0.81 -0.17 -0.25 0.04 -0.89 -0.76 -2.87374 
0.48 -0.79 -0.69 0.42 -0.00 0.68 -0.70667 
-0.64 0.79 0.24 0.97 -0.77 -0.50 0.18386 
0.21 0.65 0.05 0.77 0.94 -0.82 4.82435 
0.00 0.58 0.74 0.44 -0.92 0.90 2.11834 
0.41 0.15 -0.53 0.92 0.95 0.69 3.19972 
0.79 0.10 0.97 0.46 -0.51 -0.15 2.13027 
-0.95 0.42 0.18 0.68 0.09 0.12 1.34546 
0.35 0.37 -0.14 0.37 0.40 0.09 1.58634 
-0.65 -0.70 -0.59 -0.57 0.07 0.53 4.26184 
-0.13 -0.09 -0.56 0.14 -0.83 0.36 0.78549 
-0.76 -0.46 -0.13 0.24 -0.88 0.04 4.56861 
-0.59 0.28 -0.13 -0.69 0.62 0.47 0.83963 
0.68 0.13 0.76 0.55 -0.79 0.25 2.56174 
0.02 0.12 0.84 -0.51 0.83 0.40 2.29933 
0.50 0.11 -0.27 -0.78 -0.44 -0.92 2.25264 
0.58 -0.62 -0.05 -0.15 0.86 -0.75 -3.09574 
-0.44 -0.90 0.12 0.68 -0.67 0.79 1.87968 
-0.49 -0.93 -0.43 0.79 0.82 0.88 4.97073 
0.17 -0.70 -0.30 0.10 -0.32 -0.70 -0.28386 
0.48 0.17 -0.51 0.33 0.44 0.90 -4.27472 
-0.03 -0.83 0.38 -0.33 0.52 0.39 -4.95515 
-0.74 0.83 0.58 0.10 -0.11 0.78 -4.49283 
0.24 -0.12 0.30 0.78 0.08 -0.75 2.03125 
0.98 0.06 -0.39 -0.27 0.73 -0.18 -3.45273 
0.14 -0.45 0.07 -0.47 -0.03 -0.24 3.13011 
0.45 0.32 -0.75 -0.63 -0.48 0.81 -2.87417 
-0.79 -0.92 -0.15 -0.67 0.03 -0.49 -0.89549 
0.67 0.17 -0.10 -0.16 -0.20 0.79 -4.71471 
0.58 -0.20 -0.71 -0.27 -0.28 0.76 1.06767 
0.78 -0.25 -0.69 -0.50 0.47 0.91 1.83809 
-0.86 -0.15 -0.53 0.36 -0.70 -0.43 -4.51422 
-0.67 0.46 0.43 -0.97 0.97 0.79 -1.04029 
0.11 -0.04 -0.04 -0.53 0.61 -0.92 -3.02603 
-0.09 0.39 0.78 0.23 -0.29 0.80 -0.88581 
-0.75 -0.90 -0.31 0.08 0.36 -0.53 -0.63990 
-0.41 -0.13 -0.36 0.14 0.72 0.42 3.30620 
0.50 -0.57 -0.78 -0.02 0.07 0.95 4.97514 
-0.98 0.30 -0.56 -0.01 0.16 -0.85 -2.72736 
0.17 -0.79 -0.59 -0.37 -0.48 0.99 -0.56334 
0.12 0.69 0.23 -0.64 0.23 0.00 3.44707 
-0.20 0.47 0.14 0.62 0.68 0.81 2.81427 
-0.16 -0.95 -0.10 0.16 -0.49 -0.32 -4.84926 
0.99 0.64 0.51 -0.95 -0.39 -0.40 0.73307 
0.13 -0.40 -0.55 0.92 -0.96 0.61 4.00504 
-0.43 -0.72 -0.58 0.30 0.72 -0.67 -0.28015 
-0.21 0.13 0.46 0.54 -0.64 -0.20 -1.86060 
0.69 -0.89 0.42 0.13 0.52 -0.82 0.34620 
-0.03 0.53 0.58 -0.77 0.54 0.56 -1.71523 
0.30 0.55 -0.97 0.22 -0.39 -0.81 4.40314 
0.08 -0.35 -0.70 0.02 -0.99 -0.97 4.05982 
-0.81 -0.85 -0.92 0.75 0.73 -0.99 -0.80007 
-0.28 -0.88 -0.96 -0.03 0.26 0.79 4.64354 
0.06 -0.09 0.16 0.74 0.37 0.96 -3.84944 
-0.62 -0.62 0.05 -0.64 -0.65 -0.85 3.15702 
0.07 -0.70 0.48 0.79 0.38 -0.49 0.73614 
0.11 0.47 -0.25 -0.29 -0.78 0.53 -2.59620 
0.02 -0.47 0.27 0.78 0.28 0.18 -4.61450 
0.79 -0.33 -0.83 -0.63 0.35 -0.04 1.61451 
0.37 0.62 0.94 -0.77 0.14 -0.39 3.30783 
-0.08 0.79 -0.77 0.63 -0.80 0.97 0.23760 
0.11 -0.33 -0.95 0.28 0.63 0.93 -1.67861 
-0.62 -0.87 -0.77 -0.29 0.32 -0.30 -2.86450 
0.20 0.04 -0.71 0.13 0.30 0.09 -0.51551 
0.33 0.95 0.24 0.82 -0.23 0.23 0.83076 
-0.76 0.53 0.96 -0.08 0.23 0.51 1.07060 
-0.89 -0.26 -0.60 -0.40 0.42 -0.01 1.88201 
0.80 -0.64 0.13 0.45 0.11 -0.04 -2.74943 
0.68 0.92 -0.73 -0.47 0.74 0.16 -4.80378 
0.10 0.89 -0.68 0.41 0.73 0.69 -3.31245 
-0.25 0.43 0.09 0.08 0.47 -0.61 2.14423 
-0.47 0.36 0.49 -1.00 -0.15 0.87 4.47674 
-0.79 0.67 0.12 0.94 0.71 0.41 -1.71148 
-0.60 0.67 -0.67 -0.99 -0.07 -0.90 -4.62888 
0.47 -0.75 0.37 -0.28 0.32 0.20 -2.83023 
-0.02 -0.17 -0.96 0.40 -0.24 0.08 -0.95884 
0.76 -0.27 -0.67 -0.21 0.60 -0.09 1.85741 
-0.80 0.25 0.90 -0.56 0.38 0.52 0.96683 
0.66 -0.11 -0.21 -0.70 -0.31 -1.00 0.32583 
0.81 -0.85 -0.23 -0.94 -0.25 -0.70 -4.22001 
-0.81 0.32 0.13 0.25 0.03 -0.69 -4.67947 
0.83 -0.12 -0.41 -0.94 -0.26 -0.04 -2.12715 
-0.15 -0.29 -0.14 0.60 -0.60 0.62 4.09115 
0.84 0.86 0.08 0.47 -0.96 0.79 2.81697 
0.79 -0.83 -0.95 0.24 0.38 0.29 -2.17183 
0.39 -0.59 -0.61 -0.60 0.35 0.30 -4.81886 
0.25 0.42 0.40 -0.54 -0.14 0.17 2.81519 
-0.81 0.47 0.54 0.10 0.55 0.51 0.75206 
0.26 -0.38 -0.22 -0.04 0.39 -0.59 2.18637 
0.81 0.22 0.51 -0.81 -0.71 -0.12 -1.00171 
-0.05 -0.29 0.19 0.75 -0.94 -0.74 0.86260 
0.84 -0.35 -0.77 -0.95 -0.43 0.82 2.63122 
0.56 0.44 -0.39 -0.16 -0.20 0.63 3.34336 
98 -0.73 -0.23 0.78 -0.61 -0.60 0.00423 
